S001 Nextera 1 0.904283758 6.3422 125 Tru-Seq 4 0.328200145 2.03254
S002 Tru-Seq 1 0.930950435 8.62802 158 Tru-Seq 4 0.536221871 5.25787
T004 Tru-Seq 1 0.705098484 2.80743 163 Tru-Seq 4 0.065611919 1.75727
T008 Nextera 1 0.801474597 10.6555 167 Tru-Seq 4 0.341898258 1.85701
T012 Tru-Seq 1 0.663371532 2.57248 168 Tru-Seq 4 0.84163529 12.8529
T015 Tru-Seq 1 0.90549279 9.87665 181 Tru-Seq 4 0.887003 12.7429
T018 Nextera 1 0.829727742 12.59 300 Tru-Seq 4 0.580635306 3.09703
T023 Tru-Seq 1 0.767662613 3.049 302 Tru-Seq 4 0.912515032 33.115
T024 Nextera 1 0.860356081 14.41 311 Tru-Seq 4 0.665996613 3.8207
T026 Nextera 1 0.917903548 7.61586 318 Tru-Seq 4 0.263561226 2.37845
T028 Nextera 1 0.862068403 4.83134 322 Tru-Seq 4 0.528905694 2.78005
T036 Tru-Seq 1 0.846779968 4.96615 357 Tru-Seq 4 0.772120629 10.0139
T052 Nextera 1 0.869650113 4.83776 365 Tru-Seq 4 0.851621435 13.2557
T054 Nextera 1 0.921754565 22.0136 386 Tru-Seq 4 0.326494726 1.66748
T055 Nextera 1 0.840876871 4.13476 406 Tru-Seq 4 0.477336452 2.71423
T057 Nextera 1 0.842303194 5.00326 412 Tru-Seq 4 0.326017484 1.65456
T058 Nextera 1 0.939344113 18.4778 413 Tru-Seq 4 0.716144032 6.33255
T059 Nextera 1 0.885633032 11.1151 443 Tru-Seq 4 0.864574258 27.2342
T060 Nextera 1 0.875366774 16.1518 468 Tru-Seq 4 0.914177242 17.9042
T061 Nextera 1 0.946905661 17.8558 470 Tru-Seq 4 0.929462935 15.2033
T066 Nextera 1 0.929130468 12.3193 507 Tru-Seq 4 0.602631839 2.78834
T067 Nextera 1 0.922596113 9.82765 516 Tru-Seq 4 0.710534081 6.07661
T200 Tru-Seq 1 0.818794145 4.52119 525 Tru-Seq 4 0.298353194 3.39217
T201 Tru-Seq 1 0.928923984 19.96 532 Tru-Seq 4 0.701980726 4.35001
T202 Tru-Seq 1 0.862945242 6.95669 939 Tru-Seq 4 0.342927726 4.93794